7
7
7
7
7
7
7
7
7
7
7
7
7
7
7
7
7
7
7
7
7
7
7
7
7
7
7
7
7
7
7
7
18
18
18
18
18
18
18
18
18
18
18
18
18
18
18
18
18
18
18
18
18
18
18
18
18
18
18
18
18
18
18
18
28
28
28
28
28
28
28
28
28
28
28
28
28
28
28
28
28
28
28
28
28
28
28
28
28
28
28
28
28
28
28
28
39
39
39
39
39
39
39
39
39
39
39
39
39
39
39
39
39
39
39
39
39
39
39
39
39
39
39
39
39
39
39
39
51
51
51
51
51
51
51
51
51
51
51
51
51
51
51
51
51
51
51
51
51
51
51
51
51
51
51
51
51
51
51
51
62
62
62
62
62
62
62
62
62
62
62
62
62
62
62
62
62
62
62
62
62
62
62
62
62
62
62
62
62
62
62
62
74
74
74
74
74
74
74
74
74
74
74
74
74
74
74
74
74
74
74
74
74
74
74
74
74
74
74
74
74
74
74
74
86
86
86
86
86
86
86
86
86
86
86
86
86
86
86
86
86
86
86
86
86
86
86
86
86
86
86
86
86
86
86
86
97
97
97
97
97
97
97
97
97
97
97
97
97
97
97
97
97
97
97
97
97
97
97
97
97
97
97
97
97
97
97
97
110
110
110
110
110
110
110
110
110
110
110
110
110
110
110
110
110
110
110
110
110
110
110
110
110
110
110
110
110
110
110
110
123
123
123
123
123
123
123
123
123
123
123
123
123
123
123
123
123
123
123
123
123
123
123
123
123
123
123
123
123
123
123
123
135
135
135
135
135
135
135
135
135
135
135
135
135
135
135
135
135
135
135
135
135
135
135
135
135
135
135
135
135
135
135
135
149
149
149
149
149
149
149
149
149
149
149
149
149
149
149
149
149
149
149
149
149
149
149
149
149
149
149
149
149
149
149
149
162
162
162
162
162
162
162
162
162
162
162
162
162
162
162
162
162
162
162
162
162
162
162
162
162
162
162
162
162
162
162
162
176
176
176
176
176
176
176
176
176
176
176
176
176
176
176
176
176
176
176
176
176
176
176
176
176
176
176
176
176
176
176
176
190
190
190
190
190
190
190
190
190
190
190
190
190
190
190
190
190
190
190
190
190
190
190
190
190
190
190
190
190
190
190
190
203
203
203
203
203
203
203
203
203
203
203
203
203
203
203
203
203
203
203
203
203
203
203
203
203
203
203
203
203
203
203
203
217
217
217
217
217
217
217
217
217
217
217
217
217
217
217
217
217
217
217
217
217
217
217
217
217
217
217
217
217
217
217
217
232
232
232
232
232
232
232
232
232
232
232
232
232
232
232
232
232
232
232
232
232
232
232
232
232
232
232
232
232
232
232
232
246
246
246
246
246
246
246
246
246
246
246
246
246
246
246
246
246
246
246
246
246
246
246
246
246
246
246
246
246
246
246
246
260
260
260
260
260
260
260
260
260
260
260
260
260
260
260
260
260
260
260
260
260
260
260
260
260
260
260
260
260
260
260
260
274
274
274
274
274
274
274
274
274
274
274
274
274
274
274
274
274
274
274
274
274
274
274
274
274
274
274
274
274
274
274
274
289
289
289
289
289
289
289
289
289
289
289
289
289
289
289
289
289
289
289
289
289
289
289
289
289
289
289
289
289
289
289
289
303
303
303
303
303
303
303
303
303
303
303
303
303
303
303
303
303
303
303
303
303
303
303
303
303
303
303
303
303
303
303
303
319
319
319
319
319
319
319
319
319
319
319
319
319
319
319
319
319
319
319
319
319
319
319
319
319
319
319
319
319
319
319
319
333
333
333
333
333
333
333
333
333
333
333
333
333
333
333
333
333
333
333
333
333
333
333
333
333
333
333
333
333
333
333
333
348
348
348
348
348
348
348
348
348
348
348
348
348
348
348
348
348
348
348
348
348
348
348
348
348
348
348
348
348
348
348
348
363
363
363
363
363
363
363
363
363
363
363
363
363
363
363
363
363
363
363
363
363
363
363
363
363
363
363
363
363
363
363
363
377
377
377
377
377
377
377
377
377
377
377
377
377
377
377
377
377
377
377
377
377
377
377
377
377
377
377
377
377
377
377
377
392
392
392
392
392
392
392
392
392
392
392
392
392
392
392
392
392
392
392
392
392
392
392
392
392
392
392
392
392
392
392
392
406
406
406
406
406
406
406
406
406
406
406
406
406
406
406
406
406
406
406
406
406
406
406
406
406
406
406
406
406
406
406
406
421
421
421
421
421
421
421
421
421
421
421
421
421
421
421
421
421
421
421
421
421
421
421
421
421
421
421
421
421
421
421
421
435
435
435
435
435
435
435
435
435
435
435
435
435
435
435
435
435
435
435
435
435
435
435
435
435
435
435
435
435
435
435
435
450
450
450
450
450
450
450
450
450
450
450
450
450
450
450
450
450
450
450
450
450
450
450
450
450
450
450
450
450
450
450
450
464
464
464
464
464
464
464
464
464
464
464
464
464
464
464
464
464
464
464
464
464
464
464
464
464
464
464
464
464
464
464
464
478
478
478
478
478
478
478
478
478
478
478
478
478
478
478
478
478
478
478
478
478
478
478
478
478
478
478
478
478
478
478
478
492
492
492
492
492
492
492
492
492
492
492
492
492
492
492
492
492
492
492
492
492
492
492
492
492
492
492
492
492
492
492
492
506
506
506
506
506
506
506
506
506
506
506
506
506
506
506
506
506
506
506
506
506
506
506
506
506
506
506
506
506
506
506
506
520
520
520
520
520
520
520
520
520
520
520
520
520
520
520
520
520
520
520
520
520
520
520
520
520
520
520
520
520
520
520
520
533
533
533
533
533
533
533
533
533
533
533
533
533
533
533
533
533
533
533
533
533
533
533
533
533
533
533
533
533
533
533
533
546
546
546
546
546
546
546
546
546
546
546
546
546
546
546
546
546
546
546
546
546
546
546
546
546
546
546
546
546
546
546
546
559
559
559
559
559
559
559
559
559
559
559
559
559
559
559
559
559
559
559
559
559
559
559
559
559
559
559
559
559
559
559
559
572
572
572
572
572
572
572
572
572
572
572
572
572
572
572
572
572
572
572
572
572
572
572
572
572
572
572
572
572
572
572
572
584
584
584
584
584
584
584
584
584
584
584
584
584
584
584
584
584
584
584
584
584
584
584
584
584
584
584
584
584
584
584
584
597
597
597
597
597
597
597
597
597
597
597
597
597
597
597
597
597
597
597
597
597
597
597
597
597
597
597
597
597
597
597
597
609
609
609
609
609
609
609
609
609
609
609
609
609
609
609
609
609
609
609
609
609
609
609
609
609
609
609
609
609
609
609
609
621
621
621
621
621
621
621
621
621
621
621
621
621
621
621
621
621
621
621
621
621
621
621
621
621
621
621
621
621
621
621
621
632
632
632
632
632
632
632
632
632
632
632
632
632
632
632
632
632
632
632
632
632
632
632
632
632
632
632
632
632
632
632
632
643
643
643
643
643
643
643
643
643
643
643
643
643
643
643
643
643
643
643
643
643
643
643
643
643
643
643
643
643
643
643
643
654
654
654
654
654
654
654
654
654
654
654
654
654
654
654
654
654
654
654
654
654
654
654
654
654
654
654
654
654
654
654
654
664
664
664
664
664
664
664
664
664
664
664
664
664
664
664
664
664
664
664
664
664
664
664
664
664
664
664
664
664
664
664
664
674
674
674
674
674
674
674
674
674
674
674
674
674
674
674
674
674
674
674
674
674
674
674
674
674
674
674
674
674
674
674
674
684
684
684
684
684
684
684
684
684
684
684
684
684
684
684
684
684
684
684
684
684
684
684
684
684
684
684
684
684
684
684
684
693
693
693
693
693
693
693
693
693
693
693
693
693
693
693
693
693
693
693
693
693
693
693
693
693
693
693
693
693
693
693
693
702
702
702
702
702
702
702
702
702
702
702
702
702
702
702
702
702
702
702
702
702
702
702
702
702
702
702
702
702
702
702
702
710
710
710
710
710
710
710
710
710
710
710
710
710
710
710
710
710
710
710
710
710
710
710
710
710
710
710
710
710
710
710
710
719
719
719
719
719
719
719
719
719
719
719
719
719
719
719
719
719
719
719
719
719
719
719
719
719
719
719
719
719
719
719
719
727
727
727
727
727
727
727
727
727
727
727
727
727
727
727
727
727
727
727
727
727
727
727
727
727
727
727
727
727
727
727
727
734
734
734
734
734
734
734
734
734
734
734
734
734
734
734
734
734
734
734
734
734
734
734
734
734
734
734
734
734
734
734
734
741
741
741
741
741
741
741
741
741
741
741
741
741
741
741
741
741
741
741
741
741
741
741
741
741
741
741
741
741
741
741
741
746
746
746
746
746
746
746
746
746
746
746
746
746
746
746
746
746
746
746
746
746
746
746
746
746
746
746
746
746
746
746
746
752
752
752
752
752
752
752
752
752
752
752
752
752
752
752
752
752
752
752
752
752
752
752
752
752
752
752
752
752
752
752
752
757
757
757
757
757
757
757
757
757
757
757
757
757
757
757
757
757
757
757
757
757
757
757
757
757
757
757
757
757
757
757
757
762
762
762
762
762
762
762
762
762
762
762
762
762
762
762
762
762
762
762
762
762
762
762
762
762
762
762
762
762
762
762
762
767
767
767
767
767
767
767
767
767
767
767
767
767
767
767
767
767
767
767
767
767
767
767
767
767
767
767
767
767
767
767
767
771
771
771
771
771
771
771
771
771
771
771
771
771
771
771
771
771
771
771
771
771
771
771
771
771
771
771
771
771
771
771
771
774
774
774
774
774
774
774
774
774
774
774
774
774
774
774
774
774
774
774
774
774
774
774
774
774
774
774
774
774
774
774
774
777
777
777
777
777
777
777
777
777
777
777
777
777
777
777
777
777
777
777
777
777
777
777
777
777
777
777
777
777
777
777
777
780
780
780
780
780
780
780
780
780
780
780
780
780
780
780
780
780
780
780
780
780
780
780
780
780
780
780
780
780
780
780
780
782
782
782
782
782
782
782
782
782
782
782
782
782
782
782
782
782
782
782
782
782
782
782
782
782
782
782
782
782
782
782
782
783
783
783
783
783
783
783
783
783
783
783
783
783
783
783
783
783
783
783
783
783
783
783
783
783
783
783
783
783
783
783
783
784
784
784
784
784
784
784
784
784
784
784
784
784
784
784
784
784
784
784
784
784
784
784
784
784
784
784
784
784
784
784
784
784
784
784
784
784
784
784
784
784
784
784
784
784
784
784
784
784
784
784
784
784
784
784
784
784
784
784
784
784
784
784
784
784
784
784
784
784
784
784
784
784
784
784
784
784
784
784
784
784
784
784
784
784
784
784
784
784
784
784
784
784
784
784
784
783
783
783
783
783
783
783
783
783
783
783
783
783
783
783
783
783
783
783
783
783
783
783
783
783
783
783
783
783
783
783
783
782
782
782
782
782
782
782
782
782
782
782
782
782
782
782
782
782
782
782
782
782
782
782
782
782
782
782
782
782
782
782
782
781
781
781
781
781
781
781
781
781
781
781
781
781
781
781
781
781
781
781
781
781
781
781
781
781
781
781
781
781
781
781
781
779
779
779
779
779
779
779
779
779
779
779
779
779
779
779
779
779
779
779
779
779
779
779
779
779
779
779
779
779
779
779
779
777
777
777
777
777
777
777
777
777
777
777
777
777
777
777
777
777
777
777
777
777
777
777
777
777
777
777
777
777
777
777
777
773
773
773
773
773
773
773
773
773
773
773
773
773
773
773
773
773
773
773
773
773
773
773
773
773
773
773
773
773
773
773
773
769
769
769
769
769
769
769
769
769
769
769
769
769
769
769
769
769
769
769
769
769
769
769
769
769
769
769
769
769
769
769
769
765
765
765
765
765
765
765
765
765
765
765
765
765
765
765
765
765
765
765
765
765
765
765
765
765
765
765
765
765
765
765
765
761
761
761
761
761
761
761
761
761
761
761
761
761
761
761
761
761
761
761
761
761
761
761
761
761
761
761
761
761
761
761
761
755
755
755
755
755
755
755
755
755
755
755
755
755
755
755
755
755
755
755
755
755
755
755
755
755
755
755
755
755
755
755
755
750
750
750
750
750
750
750
750
750
750
750
750
750
750
750
750
750
750
750
750
750
750
750
750
750
750
750
750
750
750
750
750
744
744
744
744
744
744
744
744
744
744
744
744
744
744
744
744
744
744
744
744
744
744
744
744
744
744
744
744
744
744
744
744
738
738
738
738
738
738
738
738
738
738
738
738
738
738
738
738
738
738
738
738
738
738
738
738
738
738
738
738
738
738
738
738
731
731
731
731
731
731
731
731
731
731
731
731
731
731
731
731
731
731
731
731
731
731
731
731
731
731
731
731
731
731
731
731
724
724
724
724
724
724
724
724
724
724
724
724
724
724
724
724
724
724
724
724
724
724
724
724
724
724
724
724
724
724
724
724
716
716
716
716
716
716
716
716
716
716
716
716
716
716
716
716
716
716
716
716
716
716
716
716
716
716
716
716
716
716
716
716
708
708
708
708
708
708
708
708
708
708
708
708
708
708
708
708
708
708
708
708
708
708
708
708
708
708
708
708
708
708
708
708
699
699
699
699
699
699
699
699
699
699
699
699
699
699
699
699
699
699
699
699
699
699
699
699
699
699
699
699
699
699
699
699
690
690
690
690
690
690
690
690
690
690
690
690
690
690
690
690
690
690
690
690
690
690
690
690
690
690
690
690
690
690
690
690
680
680
680
680
680
680
680
680
680
680
680
680
680
680
680
680
680
680
680
680
680
680
680
680
680
680
680
680
680
680
680
680
670
670
670
670
670
670
670
670
670
670
670
670
670
670
670
670
670
670
670
670
670
670
670
670
670
670
670
670
670
670
670
670
660
660
660
660
660
660
660
660
660
660
660
660
660
660
660
660
660
660
660
660
660
660
660
660
660
660
660
660
660
660
660
660
650
650
650
650
650
650
650
650
650
650
650
650
650
650
650
650
650
650
650
650
650
650
650
650
650
650
650
650
650
650
650
650
639
639
639
639
639
639
639
639
639
639
639
639
639
639
639
639
639
639
639
639
639
639
639
639
639
639
639
639
639
639
639
639
628
628
628
628
628
628
628
628
628
628
628
628
628
628
628
628
628
628
628
628
628
628
628
628
628
628
628
628
628
628
628
628
617
617
617
617
617
617
617
617
617
617
617
617
617
617
617
617
617
617
617
617
617
617
617
617
617
617
617
617
617
617
617
617
605
605
605
605
605
605
605
605
605
605
605
605
605
605
605
605
605
605
605
605
605
605
605
605
605
605
605
605
605
605
605
605
592
592
592
592
592
592
592
592
592
592
592
592
592
592
592
592
592
592
592
592
592
592
592
592
592
592
592
592
592
592
592
592
580
580
580
580
580
580
580
580
580
580
580
580
580
580
580
580
580
580
580
580
580
580
580
580
580
580
580
580
580
580
580
580
567
567
567
567
567
567
567
567
567
567
567
567
567
567
567
567
567
567
567
567
567
567
567
567
567
567
567
567
567
567
567
567
554
554
554
554
554
554
554
554
554
554
554
554
554
554
554
554
554
554
554
554
554
554
554
554
554
554
554
554
554
554
554
554
541
541
541
541
541
541
541
541
541
541
541
541
541
541
541
541
541
541
541
541
541
541
541
541
541
541
541
541
541
541
541
541
528
528
528
528
528
528
528
528
528
528
528
528
528
528
528
528
528
528
528
528
528
528
528
528
528
528
528
528
528
528
528
528
514
514
514
514
514
514
514
514
514
514
514
514
514
514
514
514
514
514
514
514
514
514
514
514
514
514
514
514
514
514
514
514
501
501
501
501
501
501
501
501
501
501
501
501
501
501
501
501
501
501
501
501
501
501
501
501
501
501
501
501
501
501
501
501
487
487
487
487
487
487
487
487
487
487
487
487
487
487
487
487
487
487
487
487
487
487
487
487
487
487
487
487
487
487
487
487
473
473
473
473
473
473
473
473
473
473
473
473
473
473
473
473
473
473
473
473
473
473
473
473
473
473
473
473
473
473
473
473
459
459
459
459
459
459
459
459
459
459
459
459
459
459
459
459
459
459
459
459
459
459
459
459
459
459
459
459
459
459
459
459
444
444
444
444
444
444
444
444
444
444
444
444
444
444
444
444
444
444
444
444
444
444
444
444
444
444
444
444
444
444
444
444
430
430
430
430
430
430
430
430
430
430
430
430
430
430
430
430
430
430
430
430
430
430
430
430
430
430
430
430
430
430
430
430
415
415
415
415
415
415
415
415
415
415
415
415
415
415
415
415
415
415
415
415
415
415
415
415
415
415
415
415
415
415
415
415
401
401
401
401
401
401
401
401
401
401
401
401
401
401
401
401
401
401
401
401
401
401
401
401
401
401
401
401
401
401
401
401
386
386
386
386
386
386
386
386
386
386
386
386
386
386
386
386
386
386
386
386
386
386
386
386
386
386
386
386
386
386
386
386
372
372
372
372
372
372
372
372
372
372
372
372
372
372
372
372
372
372
372
372
372
372
372
372
372
372
372
372
372
372
372
372
357
357
357
357
357
357
357
357
357
357
357
357
357
357
357
357
357
357
357
357
357
357
357
357
357
357
357
357
357
357
357
357
342
342
342
342
342
342
342
342
342
342
342
342
342
342
342
342
342
342
342
342
342
342
342
342
342
342
342
342
342
342
342
342
328
328
328
328
328
328
328
328
328
328
328
328
328
328
328
328
328
328
328
328
328
328
328
328
328
328
328
328
328
328
328
328
313
313
313
313
313
313
313
313
313
313
313
313
313
313
313
313
313
313
313
313
313
313
313
313
313
313
313
313
313
313
313
313
298
298
298
298
298
298
298
298
298
298
298
298
298
298
298
298
298
298
298
298
298
298
298
298
298
298
298
298
298
298
298
298
284
284
284
284
284
284
284
284
284
284
284
284
284
284
284
284
284
284
284
284
284
284
284
284
284
284
284
284
284
284
284
284
269
269
269
269
269
269
269
269
269
269
269
269
269
269
269
269
269
269
269
269
269
269
269
269
269
269
269
269
269
269
269
269
254
254
254
254
254
254
254
254
254
254
254
254
254
254
254
254
254
254
254
254
254
254
254
254
254
254
254
254
254
254
254
254
240
240
240
240
240
240
240
240
240
240
240
240
240
240
240
240
240
240
240
240
240
240
240
240
240
240
240
240
240
240
240
240
226
226
226
226
226
226
226
226
226
226
226
226
226
226
226
226
226
226
226
226
226
226
226
226
226
226
226
226
226
226
226
226
212
212
212
212
212
212
212
212
212
212
212
212
212
212
212
212
212
212
212
212
212
212
212
212
212
212
212
212
212
212
212
212
198
198
198
198
198
198
198
198
198
198
198
198
198
198
198
198
198
198
198
198
198
198
198
198
198
198
198
198
198
198
198
198
185
185
185
185
185
185
185
185
185
185
185
185
185
185
185
185
185
185
185
185
185
185
185
185
185
185
185
185
185
185
185
185
171
171
171
171
171
171
171
171
171
171
171
171
171
171
171
171
171
171
171
171
171
171
171
171
171
171
171
171
171
171
171
171
157
157
157
157
157
157
157
157
157
157
157
157
157
157
157
157
157
157
157
157
157
157
157
157
157
157
157
157
157
157
157
157
144
144
144
144
144
144
144
144
144
144
144
144
144
144
144
144
144
144
144
144
144
144
144
144
144
144
144
144
144
144
144
144
131
131
131
131
131
131
131
131
131
131
131
131
131
131
131
131
131
131
131
131
131
131
131
131
131
131
131
131
131
131
131
131
118
118
118
118
118
118
118
118
118
118
118
118
118
118
118
118
118
118
118
118
118
118
118
118
118
118
118
118
118
118
118
118
105
105
105
105
105
105
105
105
105
105
105
105
105
105
105
105
105
105
105
105
105
105
105
105
105
105
105
105
105
105
105
105
93
93
93
93
93
93
93
93
93
93
93
93
93
93
93
93
93
93
93
93
93
93
93
93
93
93
93
93
93
93
93
93
81
81
81
81
81
81
81
81
81
81
81
81
81
81
81
81
81
81
81
81
81
81
81
81
81
81
81
81
81
81
81
81
69
69
69
69
69
69
69
69
69
69
69
69
69
69
69
69
69
69
69
69
69
69
69
69
69
69
69
69
69
69
69
69
58
58
58
58
58
58
58
58
58
58
58
58
58
58
58
58
58
58
58
58
58
58
58
58
58
58
58
58
58
58
58
58
46
46
46
46
46
46
46
46
46
46
46
46
46
46
46
46
46
46
46
46
46
46
46
46
46
46
46
46
46
46
46
46
35
35
35
35
35
35
35
35
35
35
35
35
35
35
35
35
35
35
35
35
35
35
35
35
35
35
35
35
35
35
35
35
24
24
24
24
24
24
24
24
24
24
24
24
24
24
24
24
24
24
24
24
24
24
24
24
24
24
24
24
24
24
24
24
13
13
13
13
13
13
13
13
13
13
13
13
13
13
13
13
13
13
13
13
13
13
13
13
13
13
13
13
13
13
13
13
3
3
3
3
3
3
3
3
3
3
3
3
3
3
3
3
3
3
3
3
3
3
3
3
3
3
3
3
3
3
3
3
-7
-7
-7
-7
-7
-7
-7
-7
-7
-7
-7
-7
-7
-7
-7
-7
-7
-7
-7
-7
-7
-7
-7
-7
-7
-7
-7
-7
-7
-7
-7
-7
-16
-16
-16
-16
-16
-16
-16
-16
-16
-16
-16
-16
-16
-16
-16
-16
-16
-16
-16
-16
-16
-16
-16
-16
-16
-16
-16
-16
-16
-16
-16
-16
-25
-25
-25
-25
-25
-25
-25
-25
-25
-25
-25
-25
-25
-25
-25
-25
-25
-25
-25
-25
-25
-25
-25
-25
-25
-25
-25
-25
-25
-25
-25
-25
-34
-34
-34
-34
-34
-34
-34
-34
-34
-34
-34
-34
-34
-34
-34
-34
-34
-34
-34
-34
-34
-34
-34
-34
-34
-34
-34
-34
-34
-34
-34
-34
-42
-42
-42
-42
-42
-42
-42
-42
-42
-42
-42
-42
-42
-42
-42
-42
-42
-42
-42
-42
-42
-42
-42
-42
-42
-42
-42
-42
-42
-42
-42
-42
-50
-50
-50
-50
-50
-50
-50
-50
-50
-50
-50
-50
-50
-50
-50
-50
-50
-50
-50
-50
-50
-50
-50
-50
-50
-50
-50
-50
-50
-50
-50
-50
-58
-58
-58
-58
-58
-58
-58
-58
-58
-58
-58
-58
-58
-58
-58
-58
-58
-58
-58
-58
-58
-58
-58
-58
-58
-58
-58
-58
-58
-58
-58
-58
-66
-66
-66
-66
-66
-66
-66
-66
-66
-66
-66
-66
-66
-66
-66
-66
-66
-66
-66
-66
-66
-66
-66
-66
-66
-66
-66
-66
-66
-66
-66
-66
-73
-73
-73
-73
-73
-73
-73
-73
-73
-73
-73
-73
-73
-73
-73
-73
-73
-73
-73
-73
-73
-73
-73
-73
-73
-73
-73
-73
-73
-73
-73
-73
-80
-80
-80
-80
-80
-80
-80
-80
-80
-80
-80
-80
-80
-80
-80
-80
-80
-80
-80
-80
-80
-80
-80
-80
-80
-80
-80
-80
-80
-80
-80
-80
-87
-87
-87
-87
-87
-87
-87
-87
-87
-87
-87
-87
-87
-87
-87
-87
-87
-87
-87
-87
-87
-87
-87
-87
-87
-87
-87
-87
-87
-87
-87
-87
-93
-93
-93
-93
-93
-93
-93
-93
-93
-93
-93
-93
-93
-93
-93
-93
-93
-93
-93
-93
-93
-93
-93
-93
-93
-93
-93
-93
-93
-93
-93
-93
-98
-98
-98
-98
-98
-98
-98
-98
-98
-98
-98
-98
-98
-98
-98
-98
-98
-98
-98
-98
-98
-98
-98
-98
-98
-98
-98
-98
-98
-98
-98
-98
-104
-104
-104
-104
-104
-104
-104
-104
-104
-104
-104
-104
-104
-104
-104
-104
-104
-104
-104
-104
-104
-104
-104
-104
-104
-104
-104
-104
-104
-104
-104
-104
-108
-108
-108
-108
-108
-108
-108
-108
-108
-108
-108
-108
-108
-108
-108
-108
-108
-108
-108
-108
-108
-108
-108
-108
-108
-108
-108
-108
-108
-108
-108
-108
-113
-113
-113
-113
-113
-113
-113
-113
-113
-113
-113
-113
-113
-113
-113
-113
-113
-113
-113
-113
-113
-113
-113
-113
-113
-113
-113
-113
-113
-113
-113
-113
-117
-117
-117
-117
-117
-117
-117
-117
-117
-117
-117
-117
-117
-117
-117
-117
-117
-117
-117
-117
-117
-117
-117
-117
-117
-117
-117
-117
-117
-117
-117
-117
-121
-121
-121
-121
-121
-121
-121
-121
-121
-121
-121
-121
-121
-121
-121
-121
-121
-121
-121
-121
-121
-121
-121
-121
-121
-121
-121
-121
-121
-121
-121
-121
-125
-125
-125
-125
-125
-125
-125
-125
-125
-125
-125
-125
-125
-125
-125
-125
-125
-125
-125
-125
-125
-125
-125
-125
-125
-125
-125
-125
-125
-125
-125
-125
-129
-129
-129
-129
-129
-129
-129
-129
-129
-129
-129
-129
-129
-129
-129
-129
-129
-129
-129
-129
-129
-129
-129
-129
-129
-129
-129
-129
-129
-129
-129
-129
-132
-132
-132
-132
-132
-132
-132
-132
-132
-132
-132
-132
-132
-132
-132
-132
-132
-132
-132
-132
-132
-132
-132
-132
-132
-132
-132
-132
-132
-132
-132
-132
-135
-135
-135
-135
-135
-135
-135
-135
-135
-135
-135
-135
-135
-135
-135
-135
-135
-135
-135
-135
-135
-135
-135
-135
-135
-135
-135
-135
-135
-135
-135
-135
-136
-136
-136
-136
-136
-136
-136
-136
-136
-136
-136
-136
-136
-136
-136
-136
-136
-136
-136
-136
-136
-136
-136
-136
-136
-136
-136
-136
-136
-136
-136
-136
-138
-138
-138
-138
-138
-138
-138
-138
-138
-138
-138
-138
-138
-138
-138
-138
-138
-138
-138
-138
-138
-138
-138
-138
-138
-138
-138
-138
-138
-138
-138
-138
-140
-140
-140
-140
-140
-140
-140
-140
-140
-140
-140
-140
-140
-140
-140
-140
-140
-140
-140
-140
-140
-140
-140
-140
-140
-140
-140
-140
-140
-140
-140
-140
-141
-141
-141
-141
-141
-141
-141
-141
-141
-141
-141
-141
-141
-141
-141
-141
-141
-141
-141
-141
-141
-141
-141
-141
-141
-141
-141
-141
-141
-141
-141
-141
-142
-142
-142
-142
-142
-142
-142
-142
-142
-142
-142
-142
-142
-142
-142
-142
-142
-142
-142
-142
-142
-142
-142
-142
-142
-142
-142
-142
-142
-142
-142
-142
-143
-143
-143
-143
-143
-143
-143
-143
-143
-143
-143
-143
-143
-143
-143
-143
-143
-143
-143
-143
-143
-143
-143
-143
-143
-143
-143
-143
-143
-143
-143
-143
-143
-143
-143
-143
-143
-143
-143
-143
-143
-143
-143
-143
-143
-143
-143
-143
-143
-143
-143
-143
-143
-143
-143
-143
-143
-143
-143
-143
-143
-143
-143
-143
-143
-143
-143
-143
-143
-143
-143
-143
-143
-143
-143
-143
-143
-143
-143
-143
-143
-143
-143
-143
-143
-143
-143
-143
-143
-143
-143
-143
-143
-143
-143
-143
-143
-143
-143
-143
-143
-143
-143
-143
-143
-143
-143
-143
-143
-143
-143
-143
-143
-143
-143
-143
-143
-143
-143
-143
-143
-143
-143
-143
-143
-143
-143
-143
-143
-143
-143
-143
-143
-143
-143
-143
-143
-143
-143
-143
-143
-143
-143
-143
-143
-143
-143
-143
-143
-143
-143
-143
-143
-143
-143
-143
-143
-143
-143
-143
-142
-142
-142
-142
-142
-142
-142
-142
-142
-142
-142
-142
-142
-142
-142
-142
-142
-142
-142
-142
-142
-142
-142
-142
-142
-142
-142
-142
-142
-142
-142
-142
-141
-141
-141
-141
-141
-141
-141
-141
-141
-141
-141
-141
-141
-141
-141
-141
-141
-141
-141
-141
-141
-141
-141
-141
-141
-141
-141
-141
-141
-141
-141
-141
-139
-139
-139
-139
-139
-139
-139
-139
-139
-139
-139
-139
-139
-139
-139
-139
-139
-139
-139
-139
-139
-139
-139
-139
-139
-139
-139
-139
-139
-139
-139
-139
-138
-138
-138
-138
-138
-138
-138
-138
-138
-138
-138
-138
-138
-138
-138
-138
-138
-138
-138
-138
-138
-138
-138
-138
-138
-138
-138
-138
-138
-138
-138
-138
-136
-136
-136
-136
-136
-136
-136
-136
-136
-136
-136
-136
-136
-136
-136
-136
-136
-136
-136
-136
-136
-136
-136
-136
-136
-136
-136
-136
-136
-136
-136
-136
-134
-134
-134
-134
-134
-134
-134
-134
-134
-134
-134
-134
-134
-134
-134
-134
-134
-134
-134
-134
-134
-134
-134
-134
-134
-134
-134
-134
-134
-134
-134
-134
-132
-132
-132
-132
-132
-132
-132
-132
-132
-132
-132
-132
-132
-132
-132
-132
-132
-132
-132
-132
-132
-132
-132
-132
-132
-132
-132
-132
-132
-132
-132
-132
-130
-130
-130
-130
-130
-130
-130
-130
-130
-130
-130
-130
-130
-130
-130
-130
-130
-130
-130
-130
-130
-130
-130
-130
-130
-130
-130
-130
-130
-130
-130
-130
-127
-127
-127
-127
-127
-127
-127
-127
-127
-127
-127
-127
-127
-127
-127
-127
-127
-127
-127
-127
-127
-127
-127
-127
-127
-127
-127
-127
-127
-127
-127
-127
-125
-125
-125
-125
-125
-125
-125
-125
-125
-125
-125
-125
-125
-125
-125
-125
-125
-125
-125
-125
-125
-125
-125
-125
-125
-125
-125
-125
-125
-125
-125
-125
-121
-121
-121
-121
-121
-121
-121
-121
-121
-121
-121
-121
-121
-121
-121
-121
-121
-121
-121
-121
-121
-121
-121
-121
-121
-121
-121
-121
-121
-121
-121
-121
-118
-118
-118
-118
-118
-118
-118
-118
-118
-118
-118
-118
-118
-118
-118
-118
-118
-118
-118
-118
-118
-118
-118
-118
-118
-118
-118
-118
-118
-118
-118
-118
-115
-115
-115
-115
-115
-115
-115
-115
-115
-115
-115
-115
-115
-115
-115
-115
-115
-115
-115
-115
-115
-115
-115
-115
-115
-115
-115
-115
-115
-115
-115
-115
-111
-111
-111
-111
-111
-111
-111
-111
-111
-111
-111
-111
-111
-111
-111
-111
-111
-111
-111
-111
-111
-111
-111
-111
-111
-111
-111
-111
-111
-111
-111
-111
-107
-107
-107
-107
-107
-107
-107
-107
-107
-107
-107
-107
-107
-107
-107
-107
-107
-107
-107
-107
-107
-107
-107
-107
-107
-107
-107
-107
-107
-107
-107
-107
-103
-103
-103
-103
-103
-103
-103
-103
-103
-103
-103
-103
-103
-103
-103
-103
-103
-103
-103
-103
-103
-103
-103
-103
-103
-103
-103
-103
-103
-103
-103
-103
-99
-99
-99
-99
-99
-99
-99
-99
-99
-99
-99
-99
-99
-99
-99
-99
-99
-99
-99
-99
-99
-99
-99
-99
-99
-99
-99
-99
-99
-99
-99
-99
-95
-95
-95
-95
-95
-95
-95
-95
-95
-95
-95
-95
-95
-95
-95
-95
-95
-95
-95
-95
-95
-95
-95
-95
-95
-95
-95
-95
-95
-95
-95
-95
-92
-92
-92
-92
-92
-92
-92
-92
-92
-92
-92
-92
-92
-92
-92
-92
-92
-92
-92
-92
-92
-92
-92
-92
-92
-92
-92
-92
-92
-92
-92
-92
-88
-88
-88
-88
-88
-88
-88
-88
-88
-88
-88
-88
-88
-88
-88
-88
-88
-88
-88
-88
-88
-88
-88
-88
-88
-88
-88
-88
-88
-88
-88
-88
-83
-83
-83
-83
-83
-83
-83
-83
-83
-83
-83
-83
-83
-83
-83
-83
-83
-83
-83
-83
-83
-83
-83
-83
-83
-83
-83
-83
-83
-83
-83
-83
-79
-79
-79
-79
-79
-79
-79
-79
-79
-79
-79
-79
-79
-79
-79
-79
-79
-79
-79
-79
-79
-79
-79
-79
-79
-79
-79
-79
-79
-79
-79
-79
-74
-74
-74
-74
-74
-74
-74
-74
-74
-74
-74
-74
-74
-74
-74
-74
-74
-74
-74
-74
-74
-74
-74
-74
-74
-74
-74
-74
-74
-74
-74
-74
-69
-69
-69
-69
-69
-69
-69
-69
-69
-69
-69
-69
-69
-69
-69
-69
-69
-69
-69
-69
-69
-69
-69
-69
-69
-69
-69
-69
-69
-69
-69
-69
-65
-65
-65
-65
-65
-65
-65
-65
-65
-65
-65
-65
-65
-65
-65
-65
-65
-65
-65
-65
-65
-65
-65
-65
-65
-65
-65
-65
-65
-65
-65
-65
-60
-60
-60
-60
-60
-60
-60
-60
-60
-60
-60
-60
-60
-60
-60
-60
-60
-60
-60
-60
-60
-60
-60
-60
-60
-60
-60
-60
-60
-60
-60
-60
-55
-55
-55
-55
-55
-55
-55
-55
-55
-55
-55
-55
-55
-55
-55
-55
-55
-55
-55
-55
-55
-55
-55
-55
-55
-55
-55
-55
-55
-55
-55
-55
-51
-51
-51
-51
-51
-51
-51
-51
-51
-51
-51
-51
-51
-51
-51
-51
-51
-51
-51
-51
-51
-51
-51
-51
-51
-51
-51
-51
-51
-51
-51
-51
-46
-46
-46
-46
-46
-46
-46
-46
-46
-46
-46
-46
-46
-46
-46
-46
-46
-46
-46
-46
-46
-46
-46
-46
-46
-46
-46
-46
-46
-46
-46
-46
-41
-41
-41
-41
-41
-41
-41
-41
-41
-41
-41
-41
-41
-41
-41
-41
-41
-41
-41
-41
-41
-41
-41
-41
-41
-41
-41
-41
-41
-41
-41
-41
-37
-37
-37
-37
-37
-37
-37
-37
-37
-37
-37
-37
-37
-37
-37
-37
-37
-37
-37
-37
-37
-37
-37
-37
-37
-37
-37
-37
-37
-37
-37
-37
-32
-32
-32
-32
-32
-32
-32
-32
-32
-32
-32
-32
-32
-32
-32
-32
-32
-32
-32
-32
-32
-32
-32
-32
-32
-32
-32
-32
-32
-32
-32
-32
-27
-27
-27
-27
-27
-27
-27
-27
-27
-27
-27
-27
-27
-27
-27
-27
-27
-27
-27
-27
-27
-27
-27
-27
-27
-27
-27
-27
-27
-27
-27
-27
-23
-23
-23
-23
-23
-23
-23
-23
-23
-23
-23
-23
-23
-23
-23
-23
-23
-23
-23
-23
-23
-23
-23
-23
-23
-23
-23
-23
-23
-23
-23
-23
-18
-18
-18
-18
-18
-18
-18
-18
-18
-18
-18
-18
-18
-18
-18
-18
-18
-18
-18
-18
-18
-18
-18
-18
-18
-18
-18
-18
-18
-18
-18
-18
-13
-13
-13
-13
-13
-13
-13
-13
-13
-13
-13
-13
-13
-13
-13
-13
-13
-13
-13
-13
-13
-13
-13
-13
-13
-13
-13
-13
-13
-13
-13
-13
-8
-8
-8
-8
-8
-8
-8
-8
-8
-8
-8
-8
-8
-8
-8
-8
-8
-8
-8
-8
-8
-8
-8
-8
-8
-8
-8
-8
-8
-8
-8
-8
-4
-4
-4
-4
-4
-4
-4
-4
-4
-4
-4
-4
-4
-4
-4
-4
-4
-4
-4
-4
-4
-4
-4
-4
-4
-4
-4
-4
-4
-4
-4
-4
0
0
0
0
0
0
0
0
0
0
0
0
0
0
0
0
0
0
0
0
0
0
0
0
0
0
0
0
0
0
0
0
5
5
5
5
5
5
5
5
5
5
5
5
5
5
5
5
5
5
5
5
5
5
5
5
5
5
5
5
5
5
5
5
9
9
9
9
9
9
9
9
9
9
9
9
9
9
9
9
9
9
9
9
9
9
9
9
9
9
9
9
9
9
9
9
13
13
13
13
13
13
13
13
13
13
13
13
13
13
13
13
13
13
13
13
13
13
13
13
13
13
13
13
13
13
13
13
18
18
18
18
18
18
18
18
18
18
18
18
18
18
18
18
18
18
18
18
18
18
18
18
18
18
18
18
18
18
18
18
22
22
22
22
22
22
22
22
22
22
22
22
22
22
22
22
22
22
22
22
22
22
22
22
22
22
22
22
22
22
22
22
26
26
26
26
26
26
26
26
26
26
26
26
26
26
26
26
26
26
26
26
26
26
26
26
26
26
26
26
26
26
26
26
29
29
29
29
29
29
29
29
29
29
29
29
29
29
29
29
29
29
29
29
29
29
29
29
29
29
29
29
29
29
29
29
33
33
33
33
33
33
33
33
33
33
33
33
33
33
33
33
33
33
33
33
33
33
33
33
33
33
33
33
33
33
33
33
37
37
37
37
37
37
37
37
37
37
37
37
37
37
37
37
37
37
37
37
37
37
37
37
37
37
37
37
37
37
37
37
40
40
40
40
40
40
40
40
40
40
40
40
40
40
40
40
40
40
40
40
40
40
40
40
40
40
40
40
40
40
40
40
44
44
44
44
44
44
44
44
44
44
44
44
44
44
44
44
44
44
44
44
44
44
44
44
44
44
44
44
44
44
44
44
47
47
47
47
47
47
47
47
47
47
47
47
47
47
47
47
47
47
47
47
47
47
47
47
47
47
47
47
47
47
47
47
50
50
50
50
50
50
50
50
50
50
50
50
50
50
50
50
50
50
50
50
50
50
50
50
50
50
50
50
50
50
50
50
53
53
53
53
53
53
53
53
53
53
53
53
53
53
53
53
53
53
53
53
53
53
53
53
53
53
53
53
53
53
53
53
56
56
56
56
56
56
56
56
56
56
56
56
56
56
56
56
56
56
56
56
56
56
56
56
56
56
56
56
56
56
56
56
59
59
59
59
59
59
59
59
59
59
59
59
59
59
59
59
59
59
59
59
59
59
59
59
59
59
59
59
59
59
59
59
62
62
62
62
62
62
62
62
62
62
62
62
62
62
62
62
62
62
62
62
62
62
62
62
62
62
62
62
62
62
62
62
64
64
64
64
64
64
64
64
64
64
64
64
64
64
64
64
64
64
64
64
64
64
64
64
64
64
64
64
64
64
64
64