16384
16383
16381
16379
16376
16372
16368
16363
16358
16352
16345
16337
16329
16321
16311
16301
16291
16279
16267
16255
16242
16228
16213
16198
16182
16166
16149
16131
16113
16094
16074
16054
16033
16011
15990
15967
15943
15919
15895
15869
15844
15817
15789
15762
15733
15704
15675
15645
15614
15582
15550
15517
15484
15450
15415
15380
15344
15308
15271
15233
15195
15156
15117
15077
15037
14995
14954
14911
14869
14825
14780
14736
14690
14645
14598
14551
14503
14456
14407
14358
14307
14257
14206
14155
14102
14049
13997
13942
13889
13833
13778
13722
13666
13608
13551
13493
13435
13375
13315
13255
13194
13133
13071
13009
12946
12883
12819
12755
12689
12625
12558
12492
12425
12357
12290
12221
12153
12083
12014
11943
11873
11801
11730
11658
11586
11512
11438
11365
11290
11216
11140
11065
10988
10912
10835
10758
10680
10602
10523
10444
10364
10284
10204
10123
10042
9960
9879
9796
9714
9630
9547
9463
9379
9294
9209
9124
9038
8952
8865
8779
8692
8605
8517
8429
8340
8252
8162
8074
7983
7893
7803
7712
7621
7529
7439
7346
7255
7162
7070
6976
6883
6789
6695
6601
6506
6413
6317
6223
6127
6032
5935
5840
5743
5647
5550
5454
5356
5258
5161
5062
4965
4866
4769
4670
4572
4472
4374
4274
4175
4075
3974
3875
3774
3675
3574
3474
3373
3273
3171
3071
2969
2868
2766
2666
2563
2461
2360
2257
2156
2053
1952
1849
1747
1644
1543
1439
1338
1234
1131
1029
925
824
720
618
514
412
309
207
103
1
-103
-205
-309
-412
-514
-618
-720
-824
-925
-1029
-1131
-1234
-1336
-1439
-1541
-1644
-1747
-1849
-1952
-2053
-2156
-2257
-2360
-2461
-2563
-2664
-2766
-2867
-2969
-3069
-3171
-3273
-3373
-3474
-3574
-3675
-3774
-3875
-3974
-4075
-4173
-4274
-4372
-4472
-4572
-4670
-4769
-4866
-4965
-5062
-5161
-5258
-5356
-5452
-5550
-5646
-5743
-5839
-5935
-6032
-6127
-6223
-6317
-6413
-6506
-6601
-6695
-6789
-6882
-6976
-7068
-7162
-7255
-7346
-7439
-7529
-7621
-7712
-7803
-7893
-7983
-8072
-8162
-8251
-8340
-8428
-8517
-8605
-8692
-8779
-8865
-8952
-9038
-9124
-9209
-9294
-9378
-9463
-9546
-9630
-9714
-9796
-9879
-9960
-10042
-10123
-10204
-10284
-10364
-10443
-10523
-10601
-10680
-10757
-10835
-10912
-10988
-11065
-11140
-11216
-11290
-11365
-11438
-11512
-11585
-11658
-11729
-11801
-11873
-11943
-12014
-12083
-12153
-12221
-12290
-12357
-12425
-12491
-12558
-12624
-12689
-12754
-12819
-12883
-12946
-13009
-13071
-13133
-13194
-13255
-13315
-13375
-13434
-13493
-13550
-13608
-13666
-13722
-13778
-13833
-13889
-13942
-13997
-14049
-14102
-14154
-14206
-14257
-14307
-14357
-14407
-14456
-14503
-14551
-14598
-14645
-14690
-14736
-14780
-14825
-14868
-14911
-14953
-14995
-15037
-15077
-15117
-15156
-15195
-15233
-15271
-15308
-15344
-15380
-15415
-15450
-15484
-15517
-15550
-15582
-15614
-15645
-15675
-15704
-15733
-15762
-15789
-15817
-15843
-15869
-15894
-15919
-15943
-15967
-15990
-16011
-16033
-16054
-16074
-16094
-16113
-16131
-16149
-16166
-16182
-16198
-16213
-16228
-16242
-16255
-16267
-16279
-16291
-16301
-16311
-16321
-16329
-16337
-16345
-16352
-16358
-16363
-16368
-16372
-16376
-16379
-16381
-16383
-16384
-16384
-16384
-16383
-16381
-16379
-16376
-16372
-16368
-16363
-16358
-16352
-16345
-16337
-16329
-16321
-16311
-16301
-16291
-16279
-16268
-16255
-16242
-16228
-16213
-16198
-16182
-16166
-16149
-16131
-16113
-16094
-16074
-16054
-16033
-16011
-15990
-15967
-15943
-15919
-15895
-15869
-15844
-15817
-15790
-15762
-15734
-15704
-15675
-15645
-15614
-15582
-15550
-15517
-15484
-15450
-15415
-15380
-15344
-15308
-15271
-15234
-15195
-15156
-15117
-15077
-15037
-14995
-14954
-14911
-14869
-14825
-14781
-14736
-14691
-14645
-14599
-14551
-14503
-14456
-14407
-14358
-14307
-14257
-14206
-14155
-14102
-14050
-13997
-13943
-13889
-13833
-13778
-13722
-13666
-13608
-13551
-13493
-13435
-13375
-13316
-13255
-13195
-13133
-13072
-13009
-12946
-12883
-12819
-12755
-12689
-12625
-12558
-12492
-12425
-12358
-12290
-12222
-12153
-12083
-12014
-11943
-11873
-11801
-11730
-11658
-11586
-11512
-11439
-11365
-11291
-11216
-11141
-11065
-10988
-10912
-10835
-10758
-10680
-10602
-10523
-10444
-10364
-10285
-10204
-10124
-10042
-9960
-9879
-9796
-9714
-9630
-9547
-9463
-9379
-9294
-9210
-9124
-9039
-8952
-8867
-8779
-8692
-8605
-8517
-8429
-8340
-8252
-8162
-8074
-7983
-7894
-7803
-7713
-7621
-7529
-7439
-7346
-7255
-7162
-7070
-6976
-6883
-6789
-6696
-6601
-6508
-6413
-6318
-6223
-6127
-6032
-5935
-5840
-5743
-5647
-5550
-5454
-5356
-5259
-5161
-5064
-4965
-4866
-4769
-4670
-4572
-4472
-4374
-4274
-4175
-4075
-3976
-3875
-3776
-3675
-3575
-3474
-3373
-3273
-3171
-3071
-2969
-2868
-2766
-2666
-2563
-2462
-2360
-2259
-2156
-2053
-1952
-1849
-1747
-1644
-1543
-1439
-1338
-1234
-1132
-1029
-927
-824
-722
-618
-514
-412
-309
-207
-103
-1
103
205
309
411
514
616
720
824
925
1029
1131
1234
1336
1439
1541
1644
1746
1849
1950
2053
2154
2257
2360
2461
2563
2664
2766
2867
2969
3069
3171
3271
3373
3472
3574
3675
3774
3875
3974
4075
4173
4274
4372
4472
4570
4670
4767
4866
4964
5062
5161
5258
5356
5452
5550
5646
5743
5839
5935
6030
6127
6221
6317
6413
6506
6601
6695
6789
6882
6976
7068
7162
7253
7346
7437
7529
7620
7712
7803
7893
7983
8072
8162
8251
8340
8428
8517
8604
8692
8778
8865
8952
9038
9124
9209
9294
9378
9463
9546
9630
9713
9796
9878
9960
10041
10123
10204
10284
10364
10443
10523
10601
10680
10757
10835
10911
10988
11064
11140
11216
11290
11365
11438
11512
11585
11658
11729
11801
11872
11943
12013
12083
12152
12221
12290
12357
12425
12491
12558
12624
12689
12754
12819
12882
12946
13008
13071
13133
13194
13255
13315
13375
13434
13493
13550
13608
13665
13722
13777
13833
13888
13942
13997
14049
14102
14154
14206
14257
14307
14357
14407
14455
14503
14551
14598
14645
14690
14736
14780
14825
14868
14911
14953
14995
15036
15077
15117
15156
15195
15233
15271
15308
15344
15380
15415
15450
15484
15517
15550
15582
15614
15644
15675
15704
15733
15762
15789
15817
15843
15869
15894
15919
15943
15967
15989
16011
16033
16054
16074
16094
16113
16131
16149
16166
16182
16198
16213
16228
16242
16255
16267
16279
16291
16301
16311
16321
16329
16337
16345
16352
16358
16363
16368
16372
16376
16379
16381
16383
16384
16384
16384
16383
16381
16379
16376
16372
16368
16363
16358
16352
16345
16337
16329
16321
16311
16301
16291
16279
16268
16255
16242
16228
16213
16198
16182
16166
16149
16131
16113
16094
16074
16054
16033
16012
15990
15967
15943
15920
15895
15869
15844
15817
15790
15762
15734
15704
15675
15645
15614
15582
15550
15517
15484
15450
15415
15380
15344
15308
15271
15234
15195
15157
15117
15078
15037
14996
14954
14911
14869
14825
14781
14736
14691
14645
14599
14551
14504
14456
14407
14358
14307
14257
14206
14155
14102
14050
13997
13943
13889
13834
13778
13723
13666
13609
13551
13493
13435
13375
13316
13255
13195
13133
13072
13009
12947
12883
12820
12755
12689
12625
12558
12492
12425
12358
12290
12222
12153
12084
12014
11944
11873
11803
11730
11658
11586
11512
11439
11365
11291
11216
11141
11065
10989
10912
10836
10758
10680
10602
10523
10444
10364
10285
10204
10124
10042
9961
9879
9797
9714
9631
9547
9463
9379
9294
9210
9124
9039
8952
8867
8779
8693
8605
8518
8429
8340
8252
8162
8074
7983
7894
7803
7713
7621
7531
7439
7347
7255
7163
7070
6976
6883
6789
6696
6601
6508
6413
6318
6223
6128
6032
5937
5840
5743
5647
5550
5454
5356
5259
5161
5064
4965
4868
4769
4671
4572
4473
4374
4274
4175
4075
3976
3875
3776
3675
3575
3474
3374
3273
3172
3071
2969
2868
2766
2666
2563
2462
2360
2259
2156
2055
1952
1850
1747
1646
1543
1439
1338
1234
1132
1029
927
824
722
618
516
412
310
207
103
1
-103
-205
-309
-411
-514
-616
-720
-822
-925
-1027
-1131
-1233
-1336
-1439
-1541
-1644
-1746
-1849
-1950
-2053
-2154
-2257
-2358
-2461
-2562
-2664
-2766
-2867
-2969
-3069
-3171
-3271
-3373
-3472
-3574
-3673
-3774
-3873
-3974
-4073
-4173
-4274
-4372
-4472
-4570
-4670
-4767
-4866
-4964
-5062
-5159
-5258
-5354
-5452
-5550
-5646
-5743
-5839
-5935
-6030
-6127
-6221
-6317
-6411
-6506
-6600
-6695
-6788
-6882
-6976
-7068
-7162
-7253
-7346
-7437
-7529
-7620
-7712
-7802
-7893
-7982
-8072
-8162
-8251
-8340
-8428
-8517
-8604
-8692
-8778
-8865
-8951
-9038
-9123
-9209
-9293
-9378
-9463
-9546
-9630
-9713
-9796
-9878
-9960
-10041
-10123
-10203
-10284
-10363
-10443
-10523
-10601
-10680
-10757
-10835
-10911
-10988
-11064
-11140
-11215
-11290
-11364
-11438
-11511
-11585
-11658
-11729
-11801
-11872
-11943
-12013
-12083
-12152
-12221
-12289
-12357
-12424
-12491
-12558
-12624
-12689
-12754
-12819
-12882
-12946
-13008
-13071
-13132
-13194
-13254
-13315
-13374
-13434
-13493
-13550
-13608
-13665
-13722
-13777
-13833
-13888
-13942
-13996
-14049
-14102
-14154
-14206
-14257
-14307
-14357
-14407
-14455
-14503
-14551
-14598
-14644
-14690
-14735
-14780
-14824
-14868
-14911
-14953
-14995
-15036
-15077
-15117
-15156
-15195
-15233
-15271
-15308
-15344
-15380
-15415
-15450
-15484
-15517
-15550
-15582
-15614
-15644
-15675
-15704
-15733
-15761
-15789
-15816
-15843
-15869
-15894
-15919
-15943
-15967
-15989
-16011
-16033
-16054
-16074
-16094
-16112
-16131
-16149
-16166
-16182
-16198
-16213
-16228
-16242
-16255
-16267
-16279
-16291
-16301
-16311
-16321
-16329
-16337
-16345
-16352
-16358
-16363
-16368
-16372
-16376
-16379
-16381
-16383
-16384
-16384
-16384
-16383
-16381
-16379
-16376
-16372
-16368
-16363
-16358
-16352
-16345
-16338
-16329
-16321
-16311
-16301
-16291
-16279
-16268
-16255
-16242
-16228
-16213
-16198
-16183
-16166
-16149
-16131
-16113
-16094
-16074
-16054
-16033
-16012
-15990
-15967
-15943
-15920
-15895
-15870
-15844
-15817
-15790
-15762
-15734
-15704
-15675
-15645
-15614
-15582
-15550
-15517
-15484
-15450
-15416
-15380
-15345
-15308
-15271
-15234
-15195
-15157
-15117
-15078
-15037
-14996
-14954
-14912
-14869
-14825
-14781
-14736
-14691
-14645
-14599
-14551
-14504
-14456
-14407
-14358
-14308
-14257
-14207
-14155
-14103
-14050
-13997
-13943
-13889
-13834
-13778
-13723
-13666
-13609
-13551
-13494
-13435
-13376
-13316
-13255
-13195
-13133
-13072
-13009
-12947
-12883
-12820
-12755
-12690
-12625
-12559
-12492
-12426
-12358
-12290
-12222
-12153
-12084
-12014
-11944
-11873
-11803
-11730
-11659
-11586
-11513
-11439
-11365
-11291
-11216
-11141
-11065
-10989
-10912
-10836
-10758
-10681
-10602
-10524
-10444
-10365
-10285
-10204
-10124
-10042
-9961
-9879
-9797
-9714
-9631
-9547
-9464
-9379
-9295
-9210
-9124
-9039
-8952
-8867
-8779
-8693
-8605
-8518
-8429
-8341
-8252
-8164
-8074
-7985
-7894
-7803
-7713
-7621
-7531
-7439
-7347
-7255
-7163
-7070
-6977
-6883
-6791
-6696
-6601
-6508
-6413
-6318
-6223
-6128
-6032
-5937
-5840
-5745
-5647
-5551
-5454
-5357
-5259
-5161
-5064
-4965
-4868
-4769
-4671
-4572
-4473
-4374
-4275
-4175
-4076
-3976
-3875
-3776
-3675
-3575
-3474
-3374
-3273
-3172
-3071
-2970
-2868
-2768
-2666
-2565
-2462
-2360
-2259
-2156
-2055
-1952
-1850
-1747
-1646
-1543
-1441
-1338
-1236
-1132
-1029
-927
-824
-722
-618
-516
-412
-310
-207
-104
-1
101
205
307
411
514
616
720
822
925
1027
1131
1233
1336
1438
1541
1643
1746
1849
1950
2053
2154
2257
2358
2461
2562
2664
2765
2867
2967
3069
3169
3271
3373
3472
3574
3673
3774
3873
3974
4073
4173
4272
4372
4470
4570
4670
4767
4866
4964
5062
5159
5258
5354
5452
5548
5646
5742
5839
5934
6030
6127
6221
6317
6411
6506
6600
6695
6788
6882
6975
7068
7160
7253
7346
7437
7529
7620
7712
7802
7893
7982
8072
8161
8251
8339
8428
8515
8604
8692
8778
8865
8951
9038
9123
9209
9293
9378
9462
9546
9629
9713
9796
9878
9960
10041
10123
10203
10284
10363
10443
10521
10601
10678
10757
10834
10911
10988
11064
11140
11215
11290
11364
11438
11511
11585
11657
11729
11800
11872
11943
12013
12083
12152
12221
12289
12357
12424
12491
12557
12624
12688
12754
12818
12882
12946
13008
13071
13132
13194
13254
13315
13374
13434
13492
13550
13608
13665
13722
13777
13833
13888
13942
13996
14049
14102
14154
14205
14257
14307
14357
14406
14455
14503
14551
14598
14644
14690
14735
14780
14824
14868
14910
14953
14995
15036
15077
15117
15156
15195
15233
15271
15308
15344
15380
15415
15450
15483
15517
15549
15582
15614
15644
15675
15704
15733
15761
15789
15816
15843
15869
15894
15919
15943
15967
15989
16011
16033
16054
16074
16094
16112
16131
16149
16166
16182
16198
16213
16228
16242
16255
16267
16279
16291
16301
16311
16321
16329
16337
16345
16352
16358
16363
16368
16372
16376
16379
16381
16383
16384
16384
16384
16383
16381
16379
16376
16372
16368
16363
16358
16352
16345
16338
16329
16321
16311
16301
16291
16280
16268
16255
16242
16228
16213
16198
16183
16166
16149
16131
16113
16094
16075
16054
16033
16012
15990
15967
15943
15920
15895
15870
15844
15817
15790
15762
15734
15705
15675
15645
15614
15582
15550
15517
15484
15450
15416
15380
15345
15308
15272
15234
15196
15157
15117
15078
15037
14996
14954
14912
14869
14825
14781
14737
14691
14646
14599
14552
14504
14456
14407
14358
14308
14257
14207
14155
14103
14050
13997
13943
13889
13834
13778
13723
13666
13609
13551
13494
13435
13376
13316
13256
13195
13134
13072
13010
12947
12883
12820
12755
12690
12625
12559
12492
12426
12358
12291
12222
12154
12084
12014
11944
11873
11803
11730
11659
11586
11513
11439
11366
11291
11217
11141
11066
10989
10912
10836
10758
10681
10602
10524
10444
10365
10285
10205
10124
10043
9961
9879
9797
9714
9631
9547
9464
9379
9295
9210
9125
9039
8954
8867
8781
8693
8605
8518
8429
8341
8252
8164
8074
7985
7894
7804
7713
7623
7531
7439
7347
7255
7163
7070
6977
6883
6791
6696
6603
6508
6414
6318
6224
6128
6032
5937
5840
5745
5647
5551
5454
5357
5259
5162
5064
4967
4868
4769
4671
4572
4473
4374
4275
4175
4076
3976
3877
3776
3676
3575
3475
3374
3273
3172
3071
2970
2868
2768
2666
2565
2462
2361
2259
2157
2055
1952
1850
1747
1646
1543
1441
1338
1236
1132
1031
927
825
722
620
516
412
310
207
104
1
-101
-205
-307
-411
-513
-616
-718
-822
-925
-1027
-1131
-1233
-1336
-1438
-1541
-1643
-1746
-1847
-1950
-2052
-2154
-2256
-2358
-2461
-2562
-2664
-2765
-2867
-2967
-3069
-3169
-3271
-3371
-3472
-3572
-3673
-3774
-3873
-3974
-4073
-4173
-4272
-4372
-4470
-4570
-4668
-4767
-4865
-4964
-5061
-5159
-5258
-5354
-5452
-5548
-5646
-5742
-5839
-5934
-6030
-6125
-6221
-6316
-6411
-6506
-6600
-6695
-6788
-6882
-6975
-7068
-7160
-7253
-7345
-7437
-7528
-7620
-7710
-7802
-7893
-7982
-8072
-8161
-8251
-8339
-8428
-8515
-8604
-8690
-8778
-8864
-8951
-9038
-9123
-9209
-9293
-9378
-9462
-9546
-9629
-9713
-9795
-9878
-9959
-10041
-10121
-10203
-10284
-10363
-10443
-10521
-10601
-10678
-10757
-10834
-10911
-10987
-11064
-11139
-11215
-11290
-11364
-11438
-11511
-11585
-11657
-11729
-11800
-11872
-11942
-12013
-12082
-12152
-12220
-12289
-12357
-12424
-12491
-12557
-12624
-12688
-12754
-12818
-12882
-12945
-13008
-13070
-13132
-13194
-13254
-13315
-13374
-13434
-13492
-13550
-13608
-13665
-13721
-13777
-13832
-13888
-13942
-13996
-14049
-14102
-14154
-14205
-14257
-14307
-14357
-14406
-14455
-14503
-14551
-14597
-14644
-14690
-14735
-14780
-14824
-14868
-14910
-14953
-14995
-15036
-15076
-15117
-15156
-15195
-15233
-15271
-15308
-15344
-15380
-15415
-15450
-15483
-15517
-15549
-15582
-15613
-15644
-15674
-15704
-15733
-15761
-15789
-15816
-15843
-15869
-15894
-15919
-15943
-15966
-15989
-16011
-16033
-16054
-16074
-16094
-16112
-16131
-16149
-16166
-16182
-16198
-16213
-16228
-16241
-16255
-16267
-16279
-16291
-16301
-16311
-16321
-16329
-16337
-16345
-16352
-16358
-16363
-16368
-16372
-16376
-16379
-16381
-16383
-16384
-16384
-16384
-16383
-16381
-16379
-16376
-16372
-16368
-16363
-16358
-16352
-16345
-16338
-16329
-16321
-16311
-16301
-16291
-16280
-16268
-16255
-16242
-16228
-16213
-16198
-16183
-16166
-16149
-16131
-16113
-16094
-16075
-16054
-16033
-16012
-15990
-15967
-15944
-15920
-15895
-15870
-15844
-15817
-15790
-15762
-15734
-15705
-15675
-15645
-15614
-15583
-15550
-15518
-15484
-15450
-15416
-15380
-15345
-15308
-15272
-15234
-15196
-15157
-15118
-15078
-15037
-14996
-14954
-14912
-14869
-14825
-14781
-14737
-14691
-14646
-14599
-14552
-14504
-14456
-14407
-14358
-14308
-14257
-14207
-14155
-14103
-14050
-13997
-13943
-13889
-13834
-13779
-13723
-13667
-13609
-13552
-13494
-13435
-13376
-13316
-13256
-13195
-13134
-13072
-13010
-12947
-12884
-12820
-12756
-12690
-12625
-12559
-12492
-12426
-12358
-12291
-12222
-12154
-12084
-12015
-11944
-11874
-11803
-11731
-11659
-11586
-11513
-11439
-11366
-11291
-11217
-11141
-11066
-10989
-10913
-10836
-10759
-10681
-10602
-10524
-10444
-10365
-10285
-10205
-10124
-10043
-9961
-9880
-9797
-9715
-9631
-9549
-9464
-9379
-9295
-9210
-9125
-9039
-8954
-8867
-8781
-8693
-8606
-8518
-8430
-8341
-8252
-8164
-8074
-7985
-7894
-7804
-7713
-7623
-7531
-7440
-7347
-7256
-7163
-7071
-6977
-6883
-6791
-6696
-6603
-6508
-6414
-6318
-6224
-6128
-6033
-5937
-5842
-5745
-5647
-5551
-5454
-5357
-5259
-5162
-5064
-4967
-4868
-4770
-4671
-4573
-4473
-4375
-4275
-4175
-4076
-3976
-3877
-3776
-3676
-3575
-3475
-3374
-3274
-3172
-3072
-2970
-2868
-2768
-2666
-2565
-2462
-2361
-2259
-2157
-2055
-1953
-1850
-1749
-1646
-1544
-1441
-1338
-1236
-1132
-1031
-927
-825
-722
-620
-516
-414
-310
-208
-104
-1
101
205
307
411
513
616
718
822
924
1027
1129
1233
1334
1438
1541
1643
1746
1847
1950
2052
2154
2256
2358
2459
2562
2662
2765
2867
2967
3069
3169
3271
3371
3472
3572
3673
3773
3873
3973
4073
4172
4272
4372
4470
4570
4668
4767
4865
4964
5061
5159
5256
5354
5451
5548
5646
5742
5839
5934
6030
6125
6221
6316
6411
6505
6600
6693
6788
6881
6975
7068
7160
7253
7345
7437
7528
7620
7710
7802
7891
7982
8071
8161
8251
8339
8428
8515
8604
8690
8778
8864
8951
9036
9123
9207
9293
9377
9462
9546
9629
9713
9795
9878
9959
10041
10121
10203
10282
10363
10442
10521
10601
10678
10757
10834
10911
10987
11064
11139
11215
11289
11364
11437
11511
11584
11657
11729
11800
11872
11942
12013
12082
12152
12220
12289
12356
12424
12490
12557
12624
12688
12754
12818
12882
12945
13008
13070
13132
13193
13254
13314
13374
13433
13492
13550
13608
13665
13721
13777
13832
13888
13942
13996
14049
14102
14153
14205
14257
14307
14357
14406
14455
14503
14551
14597
14644
14690
14735
14780
14824
14867
14910
14953
14995
15036
15076
15117
15156
15195
15233
15271
15307
15344
15379
15415
15450
15483
15517
15549
15582
15613
15644
15674
15704
15733
15761
15789
15816
15843
15869
15894
15919
15943
15966
15989
16011
16033
16054
16074
16093
16112
16131
16149
16166
16182
16198
16213
16228
16241
16255
16267
16279
16290
16301
16311
16321
16329
16337
16345
16352
16358
16363
16368
16372
16376
16379
16381
16383
16384
16384
16384
16383
16381
16379
16376
16372
16368
16363
16358
16352
16345
16338
16330
16321
16312
16301
16291
16280
16268
16255
16242
16228
16213
16198
16183
16166
16149
16132
16113
16094
16075
16054
16033
16012
15990
15967
15944
15920
15895
15870
15844
15817
15790
15762
15734
15705
15675
15645
15614
15583
15550
15518
15484
15451
15416
15381
15345
15308
15272
15234
15196
15157
15118
15078
15037
14996
14954
14912
14869
14825
14782
14737
14691
14646
14599
14552
14504
14456
14407
14358
14308
14258
14207
14156
14103
14051
13997
13943
13889
13834
13779
13723
13667
13609
13552
13494
13435
13376
13317
13256
13195
13134
13072
13010
12947
12884
12820
12756
12690
12626
12559
12493
12426
12359
12291
12222
12154
12084
12015
11944
11874
11803
11731
11659
11587
11513
11441
11366
11291
11217
11141
11066
10989
10913
10836
10759
10681
10603
10524
10445
10365
10286
10205
10124
10043
9961
9880
9797
9715
9631
9549
9464
9381
9295
9211
9125
9039
8954
8867
8781
8693
8606
8518
8430
8341
8253
8164
8075
7985
7895
7804
7713
7623
7531
7440
7347
7256
7163
7071
6977
6885
6791
6698
6603
6508
6414
6318
6224
6128
6033
5937
5842
5745
5649
5551
5455
5357
5261
5162
5064
4967
4868
4770
4671
4573
4473
4375
4275
4176
4076
3977
3877
3776
3676
3575
3475
3374
3274
3172
3072
2970
2870
2768
2667
2565
2464
2361
2259
2157
2055
1953
1850
1749
1646
1544
1441
1339
1236
1134
1031
927
825
722
620
516
414
310
208
104
2
-101
-203
-307
-409
-513
-616
-718
-822
-924
-1027
-1129
-1233
-1334
-1438
-1539
-1643
-1744
-1847
-1950
-2052
-2154
-2256
-2358
-2459
-2562
-2662
-2765
-2865
-2967
-3068
-3169
-3270
-3371
-3472
-3572
-3673
-3773
-3873
-3973
-4073
-4172
-4272
-4371
-4470
-4569
-4668
-4767
-4865
-4964
-5061
-5159
-5256
-5354
-5451
-5548
-5644
-5742
-5837
-5934
-6029
-6125
-6221
-6316
-6411
-6505
-6600
-6693
-6788
-6881
-6975
-7067
-7160
-7252
-7345
-7437
-7528
-7620
-7710
-7802
-7891
-7982
-8071
-8161
-8249
-8339
-8426
-8515
-8602
-8690
-8778
-8864
-8951
-9036
-9123
-9207
-9293
-9377
-9462
-9545
-9629
-9711
-9795
-9878
-9959
-10041
-10121
-10203
-10282
-10363
-10442
-10521
-10600
-10678
-10756
-10834
-10910
-10987
-11064
-11139
-11215
-11289
-11364
-11437
-11511
-11584
-11657
-11728
-11800
-11871
-11942
-12013
-12082
-12152
-12220
-12289
-12356
-12424
-12490
-12557
-12623
-12688
-12753
-12818
-12881
-12945
-13008
-13070
-13132
-13193
-13254
-13314
-13374
-13433
-13492
-13549
-13608
-13664
-13721
-13777
-13832
-13888
-13942
-13996
-14049
-14102
-14153
-14205
-14256
-14307
-14356
-14406
-14454
-14503
-14551
-14597
-14644
-14690
-14735
-14780
-14824
-14867
-14910
-14953
-14995
-15035
-15076
-15117
-15156
-15195
-15233
-15271
-15307
-15344
-15379
-15415
-15449
-15483
-15516
-15549
-15581
-15613
-15644
-15674
-15704
-15733
-15761
-15789
-15816
-15843
-15869
-15894
-15919
-15943
-15966
-15989
-16011
-16033
-16054
-16074
-16093
-16112
-16131
-16149
-16165
-16182
-16198
-16213
-16227
-16241
-16255
-16267
-16279
-16290
-16301
-16311
-16321
-16329
-16337
-16345
-16352
-16358
-16363
-16368
-16372
-16376
-16379
-16381
-16383
-16384
-16384
-16384
-16383
-16381
-16379
-16376
-16372
-16368
-16363
-16358
-16352
-16345
-16338
-16330
-16321
-16312
-16301
-16291
-16280
-16268
-16255
-16242
-16228
-16213
-16198
-16183
-16166
-16149
-16132
-16113
-16094
-16075
-16054
-16033
-16012
-15990
-15967
-15944
-15920
-15895
-15870
-15844
-15817
-15790
-15762
-15734
-15705
-15676
-15645
-15614
-15583
-15550
-15518
-15484
-15451
-15416
-15381
-15345
-15309
-15272
-15234
-15196
-15157
-15118
-15078
-15037
-14996
-14954
-14912
-14869
-14825
-14782
-14737
-14692
-14646
-14599
-14552
-14504
-14456
-14407
-14358
-14308
-14258
-14207
-14156
-14103
-14051
-13997
-13944
-13889
-13835
-13779
-13723
-13667
-13609
-13552
-13494
-13435
-13376
-13317
-13256
-13196
-13134
-13073
-13010
-12948
-12884
-12820
-12756
-12690
-12626
-12559
-12493
-12426
-12359
-12291
-12223
-12154
-12085
-12015
-11944
-11874
-11803
-11731
-11659
-11587
-11513
-11441
-11366
-11292
-11217
-11142
-11066
-10991
-10913
-10836
-10759
-10681
-10603
-10524
-10445
-10365
-10286
-10205
-10125
-10043
-9963
-9880
-9797
-9715
-9631
-9549
-9464
-9381
-9295
-9211
-9125
-9040
-8954
-8868
-8781
-8694
-8606
-8518
-8430
-8341
-8253
-8164
-8075
-7985
-7895
-7804
-7714
-7623
-7532
-7440
-7347
-7256
-7163
-7071
-6977
-6885
-6791
-6698
-6603
-6509
-6414
-6320
-6224
-6130
-6033
-5937
-5842
-5745
-5649
-5551
-5455
-5357
-5261
-5162
-5065
-4967
-4869
-4770
-4671
-4573
-4473
-4375
-4275
-4176
-4076
-3977
-3877
-3777
-3676
-3577
-3475
-3376
-3274
-3172
-3072
-2970
-2870
-2768
-2667
-2565
-2464
-2361
-2260
-2157
-2056
-1953
-1850
-1749
-1646
-1544
-1441
-1339
-1236
-1134
-1031
-929
-825
-723
-620
-517
-414
-310
-208
-104
-2
101
203
307
409
513
615
718
820
924
1027
1129
1233
1334
1438
1539
1643
1744
1847
1949
2052
2153
2256
2357
2459
2562
2662
2765
2865
2967
3068
3169
3270
3371
3471
3572
3672
3773
3873
3973
4073
4172
4272
4371
4470
4569
4668
4766
4865
4962
5061
5158
5256
5354
5451
5548
5644
5742
5837
5934
6029
6125
6220
6316
6410
6505
6600
6693
6788
6881
6975
7067
7160
7252
7345
7436
7528
7619
7710
7800
7891
7982
8071
8161
8249
8339
8426
8515
8602
8690
8777
8864
8950
9036
9123
9207
9293
9377
9462
9545
9629
9711
9795
9876
9959
10040
10121
10201
10282
10363
10442
10521
10600
10678
10756
10834
10910
10987
11063
11139
11214
11289
11364
11437
11511
11584
11657
11728
11800
11871
11942
12012
12082
12151
12220
12288
12356
12424
12490
12557
12623
12688
12753
12818
12881
12945
13007
13070
13131
13193
13254
13314
13374
13433
13492
13549
13608
13664
13721
13777
13832
13887
13942
13995
14049
14102
14153
14205
14256
14307
14356
14406
14454
14503
14550
14597
14643
14690
14735
14780
14824
14867
14910
14953
14995
15035
15076
15116
15156
15194
15233
15270
15307
15344
15379
15415
15449
15483
15516
15549
15581
15613
15644
15674
15704
15733
15761
15789
15816
15843
15869
15894
15919
15943
15966
15989
16011
16032
16054
16074
16093
16112
16131
16149
16165
16182
16198
16213
16227
16241
16254
16267
16279
16290
16301
16311
16321
16329
16337
16345
16352
16358
16363
16368
16372
16376
16379
16381
16383
16384
16384
16384
16383
16381
16379
16376
16372
16368
16363
16358
16352
16345
16338
16330
16321
16312
16301
16291
16280
16268
16255
16242
16228
16214
16198
16183
16166
16149
16132
16113
16094
16075
16054
16033
16012
15990
15967
15944
15920
15895
15870
15844
15817
15790
15762
15734
15705
15676
15645
15614
15583
15551
15518
15485
15451
15416
15381
15345
15309
15272
15234
15196
15157
15118
15078
15037
14996
14954
14912
14869
14825
14782
14737
14692
14646
14599
14552
14505
14456
14408
14358
14309
14258
14207
14156
14103
14051
13997
13944
13889
13835
13779
13724
13667
13610
13552
13494
13435
13376
13317
13256
13196
13134
13073
13010
12948
12884
12821
12756
12691
12626
12559
12493
12426
12359
12291
12223
12154
12085
12015
11945
11874
11804
11731
11660
11587
11513
11441
11366
11292
11217
11142
11066
10991
10913
10837
10759
10682
10603
10524
10445
10365
10286
10205
10125
10043
9963
9880
9798
9715
9633
9549
9465
9381
9295
9211
9125
9040
8954
8868
8781
8694
8606
8519
8430
8343
8253
8164
8075
7985
7895
7804
7714
7623
7532
7440
7349
7256
7164
7071
6979
6885
6791
6698
6603
6509
6414
6320
6224
6130
6033
5938
5842
5746
5649
5551
5455
5357
5261
5162
5065
4967
4869
4770
4673
4573
4475
4375
4277
4176
4076
3977
3877
3777
3676
3577
3475
3376
3274
3174
3072
2972
2870
2768
2667
2565
2464
2361
2260
2157
2056
1953
1852
1749
1647
1544
1442
1339
1236
1134
1031
929
825
723
620
517
414
312
208
106
2
-101
-203
-307
-409
-513
-615
-718
-820
-924
-1026
-1129
-1231
-1334
-1436
-1539
-1643
-1744
-1847
-1949
-2052
-2153
-2256
-2357
-2459
-2560
-2662
-2763
-2865
-2967
-3068
-3169
-3270
-3371
-3471
-3572
-3672
-3773
-3872
-3973
-4072
-4172
-4271
-4371
-4470
-4569
-4668
-4766
-4865
-4962
-5061
-5158
-5256
-5353
-5451
-5547
-5644
-5742
-5837
-5934
-6029
-6125
-6220
-6316
-6410
-6505
-6599
-6693
-6786
-6881
-6973
-7067
-7160
-7252
-7345
-7436
-7528
-7619
-7710
-7800
-7891
-7980
-8071
-8160
-8249
-8339
-8426
-8515
-8602
-8690
-8777
-8864
-8950
-9036
-9121
-9207
-9292
-9377
-9460
-9545
-9629
-9711
-9795
-9876
-9959
-10040
-10121
-10201
-10282
-10362
-10442
-10520
-10600
-10678
-10756
-10834
-10910
-10987
-11063
-11139
-11214
-11289
-11363
-11437
-11510
-11584
-11656
-11728
-11800
-11871
-11942
-12012
-12082
-12151
-12220
-12288
-12356
-12423
-12490
-12556
-12623
-12688
-12753
-12818
-12881
-12945
-13007
-13070
-13131
-13193
-13253
-13314
-13373
-13433
-13491
-13549
-13608
-13664
-13721
-13777
-13832
-13887
-13942
-13995
-14049
-14101
-14153
-14205
-14256
-14307
-14356
-14406
-14454
-14503
-14550
-14597
-14643
-14690
-14735
-14780
-14823
-14867
-14910
-14953
-14995
-15035
-15076
-15116
-15156
-15194
-15233
-15270
-15307
-15343
-15379
-15414
-15449
-15483
-15516
-15549
-15581
-15613
-15644
-15674
-15704
-15733
-15761
-15789
-15816
-15843
-15868
-15894
-15919
-15943
-15966
-15989
-16011
-16032
-16054
-16074
-16093
-16112
-16131
-16148
-16165
-16182
-16198
-16213
-16227
-16241
-16254
-16267
-16279
-16290
-16301
-16311
-16320
-16329
-16337
-16345
-16352
-16358
-16363
-16368
-16372
-16376
-16379
-16381
-16383
-16384
-16384
-16384
-16383
-16381
-16379
-16376
-16372
-16368
-16363
-16358
-16352
-16345
-16338
-16330
-16321
-16312
-16302
-16291
-16280
-16268
-16255
-16242
-16228
-16214
-16198
-16183
-16166
-16149
-16132
-16113
-16094
-16075
-16054
-16033
-16012
-15990
-15967
-15944
-15920
-15895
-15870
-15844
-15818
-15790
-15763
-15734
-15705
-15676
-15645
-15614
-15583
-15551
-15518
-15485
-15451
-15416
-15381
-15346
-15309
-15272
-15234
-15196
-15157
-15118
-15078
-15037
-14996
-14954
-14912
-14869
-14826
-14782
-14737
-14692
-14646
-14599
-14552
-14505
-14456
-14408
-14358
-14309
-14258
-14208
-14156
-14104
-14051
-13997
-13944
-13889
-13835
-13779
-13724
-13667
-13610
-13552
-13495
-13435
-13377
-13317
-13257
-13196
-13134
-13073
-13010
-12948
-12884
-12821
-12756
-12691
-12626
-12560
-12493
-12427
-12359
-12292
-12223
-12154
-12085
-12015
-11945
-11874
-11804
-11731
-11660
-11587
-11514
-11441
-11367
-11292
-11217
-11142
-11066
-10991
-10913
-10837
-10759
-10682
-10603
-10525
-10445
-10367
-10286
-10206
-10125
-10043
-9963
-9880
-9798
-9715
-9633
-9549
-9465
-9381
-9297
-9211
-9127
-9040
-8954
-8868
-8781
-8694
-8606
-8519
-8430
-8343
-8253
-8165
-8075
-7986
-7895
-7806
-7714
-7623
-7532
-7440
-7349
-7256
-7164
-7071
-6979
-6885
-6792
-6698
-6604
-6509
-6414
-6320
-6224
-6130
-6033
-5938
-5842
-5746
-5649
-5553
-5455
-5359
-5261
-5164
-5065
-4967
-4869
-4770
-4673
-4573
-4475
-4375
-4277
-4176
-4078
-3977
-3878
-3777
-3676
-3577
-3475
-3376
-3274
-3174
-3072
-2972
-2870
-2769
-2667
-2566
-2464
-2363
-2260
-2157
-2056
-1953
-1852
-1749
-1647
-1544
-1442
-1339
-1237
-1134
-1032
-929
-825
-723
-620
-517
-414
-312
-208
-106
-2
100
203
306
409
511
615
718
820
924
1026
1129
1231
1334
1436
1539
1641
1744
1846
1949
2052
2153
2256
2357
2459
2560
2662
2763
2865
2966
3068
3168
3270
3369
3471
3572
3672
3773
3872
3973
4072
4172
4271
4371
4469
4569
4667
4766
4865
4962
5061
5158
5256
5353
5451
5547
5644
5740
5837
5932
6029
6124
6220
6316
6410
6505
6599
6693
6786
6881
6973
7067
7159
7252
7343
7436
7528
7619
7710
7800
7891
7980
8071
8160
8249
8337
8426
8514
8602
8689
8777
8864
8950
9036
9121
9207
9292
9377
9460
9545
9628
9711
9793
9876
9959
10040
10121
10201
10282
10362
10442
10520
10600
10677
10756
10832
10910
10986
11063
11139
11214
11289
11363
11437
11510
11584
11656
11728
11799
11871
11941
12012
12082
12151
12220
12288
12356
12423
12490
12556
12623
12687
12753
12817
12881
12944
13007
13070
13131
13193
13253
13314
13373
13433
13491
13549
13607
13664
13720
13777
13832
13887
13942
13995
14049
14101
14153
14205
14256
14306
14356
14405
14454
14502
14550
14597
14643
14690
14735
14780
14823
14867
14910
14953
14994
15035
15076
15116
15156
15194
15233
15270
15307
15343
15379
15414
15449
15483
15516
15549
15581
15613
15644
15674
15704
15733
15761
15789
15816
15843
15868
15894
15918
15943
15966
15989
16011
16032
16054
16074
16093
16112
16131
16148
16165
16182
16198
16213
16227
16241
16254
16267
16279
16290
16301
16311
16320
16329
16337
16345
16351
16358
16363
16368
16372
16376
16379
16381
16383
16384
16384
16384
16383
16381
16379
16376
16372
16368
16363
16358
16352
16345
16338
16330
16321
16312
16302
16291
16280
16268
16255
16242
16228
16214
16198
16183
16166
16149
16132
16113
16094
16075
16054
16034
16012
15990
15967
15944
15920
15895
15870
15844
15818
15790
15763
15734
15705
15676
15646
15614
15583
15551
15518
15485
15451
15416
15381
15346
15309
15272
15234
15197
15157
15118
15078
15037
14996
14954
14912
14869
14826
14782
14737
14692
14646
14599
14553
14505
14456
14408
